040326182394
083622316438
754819114334
039307951968
052177811880
052177313391
084084327475
762993700311
884661022959
773389567104
651056312618
084084327062
040326267701
040326181144
040326257481
052177788052
052177791373
052177504645
039307604529
039307091619
052175812810
039307996266
039307746410
039307738057
773389571132
754819094414
754819110886
754819094896
754819101853
754819101266
884888719885
883912392360
883913916497
882272255216
786664429042
786664431861
083625981619
083625992882
690742910073
846411007159
886878769429
886878787324
744199443155
846411007050
846411006954
883326383374
883326383770
883326480011
883326549534
884140167645
884140226656
884140322396
884140298325
744199443223
604095224800
052176516625
604095301075
052178929560
886878247651
039304001178
052176506381
690742765291
760609289342
755107437135
690742627377
690742574374
690742765772
690742628077
657171309182
657171309083
657171309137
884140246784
884140284212
885779339694
885779280101
885779279945
884140225703
884140292996
787165014188
704624107977
612862785140
787165027423
787165029304
612862799888
612862800423
